0.0,0.47100666488074416,0.20223671054590828,0.35241180844361103,0.21278395628131552,0.40060506097664994,0.1464455459791452,0.40060506097664994,0.20223671054590828
0.47100666488074416,0.0,0.4907808307275636,0.3253124092781752,0.3454392419099486,0.23486503784679427,0.42714688985748794,0.23486503784679427,0.4907808307275636
0.20223671054590828,0.4907808307275636,0.0,0.3586347824628764,0.28294204268321926,0.392012296152598,0.25973271725203434,0.392012296152598,0.0
0.35241180844361103,0.3253124092781752,0.3586347824628764,0.0,0.3269879784097747,0.22158900427399145,0.2651019978147702,0.22158900427399145,0.3586347824628764
0.21278395628131552,0.3454392419099486,0.28294204268321926,0.3269879784097747,0.0,0.2651019978147702,0.22158900427399145,0.2651019978147702,0.28294204268321926
0.40060506097664994,0.23486503784679427,0.392012296152598,0.22158900427399145,0.2651019978147702,0.0,0.36309829811847305,0.0,0.392012296152598
0.1464455459791452,0.42714688985748794,0.25973271725203434,0.2651019978147702,0.22158900427399145,0.36309829811847305,0.0,0.36309829811847305,0.25973271725203434
0.40060506097664994,0.23486503784679427,0.392012296152598,0.22158900427399145,0.2651019978147702,0.0,0.36309829811847305,0.0,0.392012296152598
0.20223671054590828,0.4907808307275636,0.0,0.3586347824628764,0.28294204268321926,0.392012296152598,0.25973271725203434,0.392012296152598,0.0
